0.00
0.08
0.17
0.27
0.36
0.45
0.51
0.57
0.66
0.72
0.81
0.89
0.95
1.04
1.09
1.15
1.21
1.29
1.36
1.41
1.49
1.56
1.65
1.74
1.82
1.90
1.97
2.05
2.10
2.20
2.26
2.32
2.39
2.48
2.55
2.60
2.68
2.78
2.85
2.90
2.98
3.06
3.14
3.19
3.24
3.32
3.40
3.47
3.54
3.61
3.68
3.74
3.81
3.87
3.95
4.00
4.09
4.16
4.22
4.27
4.34
4.40
4.50
4.56
4.63
4.73
4.80
4.86
4.91
4.99
5.06
5.15
5.23
5.31
5.40
5.47
5.52
5.58
5.66
5.73
5.79
5.86
5.92
6.00
6.08
6.13
6.19
6.25
6.33
6.42
6.50
6.59
6.69
6.77
6.84
6.91
6.99
7.05
7.11
7.19
